time,x,y,z,phi,theta,psi,x_velocity,y_velocity,z_velocity,phi_velocity,theta_velocity,psi_velocity,rotor_speed1,rotor_speed2,rotor_speed3,rotor_speed4
0.06,-3.47916582082e-07,3.44415189752e-07,9.99979149255,0.000362438302026,0.00036537604057,0.0,-2.92026713235e-05,2.89326697285e-05,-0.00695026462529,0.0159905850331,0.0161064685852,0.0,400.1350422720253,401.59842046086527,401.4828541689304,402.9308623632219
0.12000000000000001,-1.33243353808e-05,1.3600289013e-05,10.0024704349,0.00161187952258,0.00120886546,0.0,-0.000496446283662,0.000527577624684,0.0962444689999,0.0290667208714,0.00961166312126,0.0,438.84503231690314,438.30571276067735,436.7026981243324,437.79198396890723
0.18,-7.53821089082e-05,9.27639072554e-05,10.0151953523,0.00318548568152,0.0016087591658,0.0,-0.00163236466736,0.00231355892144,0.327880557686,0.019837942218,1.47068987201e-06,0.0,477.6311363103899,476.8976767396579,476.8213464179775,476.1160077145495
0.23999999999999996,-0.000216251989836,0.000322194829627,10.043794583,0.00444412002099,0.00174348928905,0.0,-0.0030724057403,0.00549457019638,0.625311522545,0.0231634800335,0.00639343452965,0.0,496.5849232498684,497.05346309430115,494.5697213484812,494.81450213131444
0.3,-0.000438204062475,0.000749503015268,10.0844194295,0.00584916868714,0.00201165641563,0.0,-0.0043596141969,0.00889201776064,0.728788471275,0.0239206365697,0.000313196297417,0.0,439.761661062813,439.2577230452648,437.30760252785507,437.37072248019973
0.36000000000000004,-0.000740215047151,0.00140556793887,10.1304932605,0.00750753149218,0.0021662461445,0.0,-0.00571621823751,0.0131301366252,0.806952521338,0.0341959617279,0.0067573303036,0.0,430.59998725052986,431.1446648486536,429.65192588555226,430.5223056611778
0.4200000000000001,-0.00112661545429,0.00234676796694,10.1806538362,0.00990689792078,0.00225644348547,0.0,-0.00719022556123,0.0184579482284,0.865022289335,0.0495970931591,-0.0119092209094,0.0,423.4948606728082,421.8864122957548,424.79167142293545,426.11100226567174
0.48000000000000015,-0.0016089201311,0.00370519297946,10.238860027,0.0131644404583,0.00116808265553,0.0,-0.00878489147472,0.0271912992204,1.07500625172,0.0623288667654,-0.035067663971,0.0,471.9865846106018,470.1961282331116,471.00681345376967,471.9920578716482
0.5400000000000001,-0.00215224720781,0.00562693428511,10.3066542758,0.016782322361,6.28209961078,0.0,-0.00910109682832,0.03724609803,1.1846889142,0.0558931117879,-0.043088420376,0.0,440.7492925877973,440.0852750235299,442.1555181572217,441.6276464397918
0.6000000000000002,-0.00266509057943,0.00823495470928,10.3815192136,0.0202241563177,6.27980279397,0.0,-0.00773698656229,0.0500452681855,1.3106655853,0.0601530597576,-0.0300770011105,0.0,446.20424546815013,447.2643375323905,446.1064382851412,446.4563583377641
0.6600000000000003,-0.0030513529623,0.0116779148079,10.463519284,0.0246036652396,6.27752731852,0.0,-0.00493616129781,0.0651397535199,1.42252691551,0.0908207945305,-0.0622280054017,0.0,443.4004331611799,440.7505057715916,441.481220582781,444.0080374450375
0.7200000000000003,-0.00322133128284,0.0160990500078,10.5511953438,0.030731072438,6.27437419669,0.0,-0.000395421041091,0.0828059836266,1.49989143467,0.118383283446,-0.0380698665194,0.0,430.95328123894484,432.9881863836268,430.38496013242724,432.7202806993758
0.7800000000000004,-0.00306272300101,0.0217001320273,10.6432572833,0.0372966692878,6.27187667619,0.0,0.00591332822144,0.104572453692,1.56872169457,0.0778342304922,-0.0499003921378,0.0,429.19934325438675,428.1931397851783,431.56077762508477,428.13495340832566
0.8400000000000004,-0.00245196996665,0.0287976281516,10.741282844,0.0420582564722,6.26888883962,0.0,0.0147614160785,0.132505185852,1.69858751889,0.0822468326913,-0.0495919098768,0.0,449.32596658686174,449.34944734122524,448.22835852987924,448.59176970398306
0.9000000000000005,-0.00126220269762,0.0376281309784,10.846016049,0.0468733040605,6.26614218446,0.0,0.0251838589082,0.162331069063,1.79234818422,0.07592868083,-0.0390732042324,0.0,437.98178542068524,438.8543954706429,437.83934998676995,437.3187070834245
0.9600000000000005,0.000608319055909,0.0483491327052,10.9564458899,0.0516610200463,6.26386388317,0.0,0.0373987107894,0.195502012888,1.88846172989,0.0865788404281,-0.0358554681323,0.0,438.82696920064575,439.0932572844204,438.8375756402221,439.72582282222487
1.0200000000000005,0.00334467882445,0.0613920666457,11.0770245083,0.0570347069432,6.26146689237,0.0,0.0540829608766,0.239889476704,2.13036071771,0.0949401712385,-0.0497434817952,0.0,484.3880816242524,483.34190478739055,482.93371802002105,483.5699067808537
1.0800000000000005,0.00709918555886,0.0771179006161,11.2100693481,0.0640685310971,6.25789439194,0.0,0.071405487147,0.285023702196,2.30407406521,0.142741222463,-0.101100066347,0.0,465.28499181411735,461.2436463180814,463.7948316488959,467.5443050389441
1.1400000000000006,0.0120361228581,0.0958393827462,11.3553054103,0.0728189360746,6.25143668527,0.0,0.0939026526434,0.34004375942,2.53653856254,0.151405314641,-0.12572337417,0.0,483.34697139280286,481.4781988105133,482.52791315163773,483.1994945376437
1.2000000000000006,0.0184168158441,0.117916826259,11.5122928773,0.0818857711664,6.24388627016,0.0,0.119612801036,0.39684452944,2.69589439486,0.150525408676,-0.126074796059,0.0,462.8269230883673,462.7855362477146,461.7038510311961,461.6549903507397
1.2600000000000007,0.0264392678975,0.14345968452,11.6770876261,0.0907165688062,6.23648122473,0.0,0.148558240988,0.455470863564,2.79689349193,0.139481653568,-0.118576289547,0.0,444.92999619527313,445.5296625190554,445.7628491159998,444.87965469862013
1.3200000000000007,0.0364123227788,0.172817560725,11.8491962967,0.0991799406486,6.22926312915,0.0,0.184637548342,0.523995121527,2.9395573704,0.144029409258,-0.123993188609,0.0,458.7977037122137,458.3548337879336,459.20297331306574,459.5813662538817
1.3800000000000008,0.0488115251025,0.206656719295,12.0316569643,0.108258650916,6.22194204186,0.0,0.22950566208,0.604951998322,3.14174111445,0.162895104569,-0.118338214922,0.0,477.15556726180415,477.5747223765347,477.6713672102112,479.12737884962894
1.4400000000000008,0.0637655900094,0.2450266547,12.2212865545,0.117935560736,6.21470315183,0.0,0.269622434436,0.674923698129,3.17896247714,0.157847497445,-0.12571692862,0.0,428.481654463275,427.84009072886823,428.5153049329629,428.1118008894936
1.5000000000000009,0.081518266852,0.28820630244,12.4167172431,0.127429960843,6.20733162781,0.0,0.32292557092,0.765371673157,3.33471522265,0.159012675186,-0.117685268505,0.0,466.5231939593175,467.13699029287085,465.52020397059255,465.6338693702884
1.560000000000001,0.102446951417,0.336712939004,12.6190716891,0.13666076217,6.20062909403,0.0,0.375355128493,0.852392427052,3.4099801598,0.140751170868,-0.101854264055,0.0,441.3757071962962,442.669064121414,444.00706123416325,442.5284645396203
1.620000000000001,0.126580714628,0.390501958582,12.8250704202,0.145566647222,6.19391780659,0.0,0.429667561293,0.941350639157,3.45627817358,0.160519299101,-0.159758748276,0.0,436.7673683978464,431.89685550613603,433.3831975888136,435.0625640928629
1.680000000000001,0.154326341404,0.45013771777,13.0360959678,0.155395574373,6.18458082185,0.0,0.496147338072,1.04744008142,3.57720505926,0.169697427209,-0.148414062742,0.0,458.43925534560674,459.3176689332426,458.4049140120297,459.15827472287407
1.740000000000001,0.185743468537,0.515543354284,13.2492674384,0.166008416586,6.17617061202,0.0,0.551794295312,1.13357130153,3.52838088285,0.188334367592,-0.127384265135,0.0,404.82839047195495,406.69572591946445,402.41172496818007,404.12860934520984
1.8000000000000012,0.22067012563,0.58634303609,13.4597982776,0.177132753635,6.16817554238,0.0,0.613070803282,1.22731150266,3.48911780347,0.178800624102,-0.148786055762,0.0,409.45036294713947,407.52323830436137,408.3455909535008,407.5308304524444
1.8600000000000012,0.259823390317,0.663571174772,13.67139352,0.18820687654,6.15907646704,0.0,0.692891243233,1.3479323286,3.5634023844,0.194130659446,-0.158096137929,0.0,446.8534694877813,446.07219058008485,446.22501840767427,447.50732614923936
1.9200000000000013,0.304259357957,0.748713124619,13.8897750944,0.199731644115,6.14974153248,0.0,0.789270167587,1.49123371411,3.7149583971,0.187632136859,-0.150982303205,0.0,472.2763298697977,472.80338081859014,472.15208383439295,471.684000005444
1.9800000000000013,0.354154406815,0.841913677616,14.1133356984,0.211492740093,6.14068698854,0.0,0.87469661748,1.61640270531,3.73650528415,0.208972131343,-0.150763173897,0.0,433.2815322526779,433.2778797730203,431.9993810421387,433.8333025878431
2.0400000000000014,0.409876102844,0.943612542749,14.3417075562,0.223772222528,6.13136962406,0.0,0.983594525969,1.77469224673,3.87477315416,0.194237561069,-0.166354055536,0.0,472.705639428677,471.4810911357141,471.7890131141799,470.68824359596744
2.1000000000000014,0.472375464128,1.05510915883,14.5784970431,0.23538250629,6.12160498309,0.0,1.10068625557,1.94287935356,4.01700543432,0.191999765106,-0.156364559891,0.0,474.05230245848753,474.7958818024113,476.11137432692163,475.9739142957524
2.1600000000000015,0.541954100539,1.17670570695,14.8227720754,0.247204945516,6.11245068129,0.0,1.21946095267,2.11130874502,4.12438136117,0.205572315601,-0.14590627409,0.0,466.27259512755717,467.0681825286239,466.75563655628446,467.8494172263969
2.2200000000000015,0.618274180398,1.30782328521,15.0701811736,0.259640830556,6.10337967053,0.0,1.32527887034,2.26021267528,4.12191975915,0.210445972632,-0.164649850968,0.0,433.79686672452607,432.1973050357038,434.20769464729904,434.6596965284172
2.2800000000000016,0.701856106242,1.44913274761,15.3212882921,0.272351031296,6.09393080914,0.0,1.46166723205,2.45112274905,4.246939284,0.21447780977,-0.146044385105,0.0,476.6029498024085,478.0010890563402,475.58843581852767,475.93814542179655
2.3400000000000016,0.793432815407,1.60160118393,15.577836769,0.284737417718,6.08517987451,0.0,1.59162286492,2.63211005715,4.30358094532,0.181140349965,-0.145461264295,0.0,457.65761730511707,457.68480347465623,459.2596283287827,456.6468606162642
2.4000000000000017,0.892234368616,1.76409955649,15.8341526669,0.296063763621,6.07630637351,0.0,1.70243669832,2.78523920996,4.23980594447,0.200796208333,-0.153251909773,0.0,419.39004642939875,418.69067290049406,418.80178980849007,420.5447018743883
2.4600000000000017,0.998326090872,1.93663733429,16.0888116006,0.307938256988,6.06681069813,0.0,1.83469341242,2.96681780473,4.24788299147,0.191408259077,-0.170843159862,0.0,445.2021275913851,443.7361537880743,446.8076183573475,446.0795311837768
2.520000000000002,1.11341037057,2.1214657112,16.3476346422,0.319520543292,6.05609685746,0.0,2.00233817967,3.19485726904,4.37785739872,0.196108602324,-0.202132673324,0.0,488.43696676646374,486.06878512788796,486.52424915487256,486.90884023827596
2.580000000000002,1.23799623221,2.31910561547,16.61085901,0.331261236863,6.04374047868,0.0,2.15150593893,3.39382077248,4.39508575697,0.194804742625,-0.21489631417,0.0,454.8025031694859,453.73797978516296,454.59281215318407,454.5247666933516
2.640000000000002,1.37116026823,2.52805561186,16.8726712767,0.342913073359,6.03069884946,0.0,2.28826609762,3.57181464874,4.33118312683,0.192955878023,-0.222799599914,0.0,430.2099510336247,429.4915237860237,428.5786052412173,428.4597384408364
2.700000000000002,1.51297473881,2.74813252009,17.1313790252,0.354629240176,6.01820831951,0.0,2.43984124919,3.7646726054,4.29139182488,0.199529276577,-0.18867322314,0.0,438.7839727946844,441.5640347859247,438.95619787177105,439.5391113435554
2.760000000000002,1.66512958838,2.98126081118,17.3911416706,0.366573494933,6.0067519977,0.0,2.63282926965,4.00681818367,4.36558375653,0.198139647471,-0.19589673321,0.0,480.8730346120896,480.2928742524208,480.4794873901891,480.4096355207422
2.820000000000002,1.82896653443,3.22893852142,17.6547720945,0.378705068654,5.99523602961,0.0,2.82922409836,4.24959711993,4.42032111292,0.209256834273,-0.185005227513,0.0,477.46243835287936,478.25964084641873,477.9569835678434,478.84041474531966
2.880000000000002,2.00354981116,3.48979254933,17.9176031834,0.390759550123,5.98391320241,0.0,2.99095363848,4.44608213548,4.33974421574,0.173734823902,-0.197397446309,0.0,436.28157716457997,435.2098072867264,436.7503239967961,433.8160664737798
2.940000000000002,2.18839446072,3.7630298888,18.1766117202,0.401088924998,5.97188174822,0.0,3.1713121112,4.66212966855,4.29267377993,0.168800982142,-0.207640569415,0.0,451.1227882881919,450.25580345615657,449.25309005910935,448.8808863532325
3.000000000000002,2.38400950321,4.04903250303,18.4319561177,0.411839124688,5.95977732109,0.0,3.34996430298,4.87157280904,4.21771012969,0.194415180557,-0.191997347979,0.0,441.7847677505283,443.03269406194164,442.0960246051323,444.23241992204174
3.0600000000000023,2.59077337627,4.3479988556,18.6833379876,0.423741421934,5.94842141641,0.0,3.54282773689,5.09429046186,4.16035522071,0.205287339526,-0.184302191492,0.0,451.2417322760383,451.8283850047441,451.8508620942112,452.7642865827389
3.1200000000000023,2.81013397004,4.6614507749,18.9333380809,0.435662463808,5.93764728711,0.0,3.76973151124,5.35431818347,4.1710632915,0.180303401987,-0.171484157712,0.0,478.2632637216751,479.21002025262754,480.3004764723983,478.4364015615534
3.1800000000000024,3.04156747895,4.98861145963,19.1794905139,0.446494575535,5.92740707924,0.0,3.94526686432,5.55129123995,4.0332093771,0.180994106799,-0.169092047279,0.0,430.01493734226034,430.188584938806,429.0344273854084,429.1258630820914
3.2400000000000024,3.28324136393,5.32717476049,19.4162419386,0.456949471176,5.91697183898,0.0,4.11108096241,5.73440865829,3.85792620134,0.155264771984,-0.185921754288,0.0,418.3154874313779,416.81533582353853,417.5634809844308,415.3430699308739
3.3000000000000025,3.53549431802,5.67735781207,19.6435573044,0.466784417703,5.90617251924,0.0,4.29789648145,5.93841980468,3.71838251317,0.177191419775,-0.170198577669,0.0,432.52646667232517,433.8165550872857,431.2855395820498,433.1600340926741
3.3600000000000025,3.7999879244,6.04085155465,19.8644018097,0.477740940863,5.89617130148,0.0,4.51892262402,6.17801497433,3.64165398825,0.191679372442,-0.160462684681,0.0,458.013445840941,458.7616163478887,458.8918891510825,460.0716617826922
3.4200000000000026,4.07726312194,6.41810071639,20.0791624257,0.489117235343,5.88679979794,0.0,4.72391299035,6.39701808882,3.51588681077,0.185102530015,-0.148794507151,0.0,444.393214451847,445.3257387806783,443.4534848887615,442.94780917112826
3.4800000000000026,4.36719631169,6.80883177342,20.2867720762,0.500001774076,5.87785677812,0.0,4.94075204208,6.62730026657,3.40316656035,0.172766169777,-0.149566305424,0.0,451.77844348643987,451.6957192967183,452.774620213014,451.8118399872045
3.5400000000000027,4.67000251929,7.21316003759,20.4869959123,0.510345980372,5.86858920559,0.0,5.15302132294,6.85019285313,3.26982935238,0.171669001089,-0.166668724777,0.0,447.9455064109869,446.52945690698266,447.3214929477215,447.26045067041264
3.6000000000000028,4.98644075572,7.6317698835,20.6806538883,0.520384745437,5.85836759463,0.0,5.39509793913,7.10312063461,3.18381270987,0.156762336965,-0.178998160801,0.0,470.28999952961163,469.3074681137551,467.8512849474403,466.71398095845836
3.660000000000003,5.31670637052,8.06466922442,20.8674233533,0.529913885733,5.84723667243,0.0,5.61404972035,7.32653005728,3.0406361153,0.162639333147,-0.203545380677,0.0,452.0897215412607,450.07326266617594,449.7102494582506,450.2097464098516
3.720000000000003,5.66069626295,8.51146836248,21.0463152611,0.539135991862,5.83481792311,0.0,5.85257885326,7.56626689304,2.92087926688,0.122297995472,-0.214909632001,0.0,464.11865459766597,463.1852026730012,464.13253386404335,460.97462913735734
3.780000000000003,6.01824946021,8.97167028629,21.2162813043,0.545966014207,5.82194906368,0.0,6.06627927376,7.77325745728,2.74368510592,0.0858659447793,-0.213638711016,0.0,443.8105362762116,443.8694014956452,445.5425503023855,442.5637027539212
3.840000000000003,6.38991348676,9.44542462236,21.3774889112,0.551257778898,5.80887341158,0.0,6.3227851645,8.01757007872,2.62845710585,0.0924878874044,-0.228271412743,0.0,472.9996881066079,471.8268645033629,470.16206645785786,470.6809779001245
3.900000000000003,6.77356246069,9.9301225109,21.5257851362,0.556874589978,5.79517207486,0.0,6.46620567324,8.13886031638,2.3149928673,0.0957731935921,-0.228524213994,0.0,389.5413594328817,389.45781933345916,389.7832577731725,390.0990466651471
3.960000000000003,7.16864854611,10.4247319995,21.6595987335,0.562667946725,5.78107053437,0.0,6.70365905046,8.3472634376,2.14434263061,0.0980760792472,-0.252979572578,0.0,453.13314943643843,451.1072082986113,453.89317959246773,454.0857632408019
4.020000000000002,7.57624711696,10.9299215378,21.7801819453,0.568500435363,5.76569506524,0.0,6.88355059151,8.49189421564,1.87478795132,0.0954146276372,-0.263768479598,0.0,413.18614115651206,412.1616595860651,413.1083272022245,412.8823474075409
4.080000000000001,7.99611717048,11.4449627638,21.8865234935,0.574018170365,5.74988947073,0.0,7.11253444899,8.67525698956,1.66895929753,0.0839718874602,-0.262752890956,0.0,442.73756447717506,442.75095166359273,443.03007673375475,442.09496977600236
4.14,8.43098121788,11.9718951244,21.9819804967,0.578667369689,5.73362734747,0.0,7.38316744129,8.88790403197,1.51149067187,0.0595590991304,-0.297755132648,0.0,467.1177466604927,464.3064754879028,467.73767160967753,465.83612733052195
4.199999999999998,8.88134459379,12.5106158337,22.0666200491,0.582506416608,5.71574996968,0.0,7.62936859275,9.06824889631,1.30873804745,0.0716184438918,-0.298360643375,0.0,451.06597430758575,450.9281068160845,450.23538988437616,451.2132878489481
4.259999999999997,9.34696260713,13.0602589855,22.1393943306,0.586720648331,5.69820223286,0.0,7.89152089291,9.25189066131,1.11579082625,0.0673224216848,-0.282728271036,0.0,458.1785659790003,459.33589911141024,458.4209997520195,458.0829606146729
4.319999999999996,9.82740489446,13.6198637134,22.1991468282,0.590658436835,5.68182928607,0.0,8.1235413465,9.40054789618,0.8751921952,0.0620112542812,-0.258230504761,0.0,439.43448261339415,441.3845896063978,441.03264037383843,440.5967732212047
4.379999999999995,10.3229127205,14.1890540953,22.2456229806,0.594793871995,5.66617655575,0.0,8.3934221417,9.57115969438,0.672863739809,0.0800357505812,-0.266770554605,0.0,461.08892618714714,460.3474422745478,459.4875811369781,460.9182122369169
4.439999999999993,10.833860369,14.7676229627,22.2788438923,0.599610332387,5.65009771907,0.0,8.63828553496,9.71335119208,0.433603394913,0.0807470077241,-0.270511620911,0.0,447.8182227426609,447.4417312717844,446.4361997128398,446.49940478189666
4.499999999999992,11.3607543114,15.3554385826,22.2989058228,0.604239210575,5.63365314067,0.0,8.92470633445,9.8790557502,0.233738428859,0.0687564919246,-0.282356220114,0.0,469.1763866832791,468.1835056745185,468.278504804675,467.34879651592297
4.559999999999991,11.9025401942,15.9512130107,22.3042607599,0.608379447623,5.61663113659,0.0,9.13509646383,9.97913270897,-0.0556809053672,0.0694940770235,-0.28652585801,0.0,430.1983473664036,429.76033288001855,428.80020381522695,428.8666780088319
4.6199999999999894,12.4577783177,16.5533566869,22.2929644749,0.612681847092,5.59925118952,0.0,9.3729231614,10.0911444322,-0.321628820923,0.0757983291175,-0.296809868848,0.0,442.5293501099081,441.5956268960517,443.3085627376076,443.8304808367711
4.679999999999988,13.0277797469,17.1623174398,22.2660315526,0.61737836573,5.58092441297,0.0,9.62707285183,10.2062235011,-0.5771354009,0.0828160480222,-0.33447320364,0.0,452.73504509871407,449.5964388425945,450.0214221048989,450.5941538412031
4.739999999999987,13.6132161481,17.7780406642,22.2237424816,0.622257854987,5.56046597516,0.0,9.88740065881,10.3164137895,-0.83370458058,0.0781639751435,-0.358899084734,0.0,454.25234445816903,452.16992123798104,454.6698154309607,454.3019492405477
4.799999999999986,14.216574514,18.4015932406,22.1679301173,0.626513765544,5.5385281698,0.0,10.2240206006,10.4665456907,-1.02883104679,0.0497487751999,-0.384499221567,0.0,490.25369750173746,488.22083144736376,488.7771517997217,486.6570779404046
4.859999999999984,14.8377372809,19.0322682489,22.0979926636,0.62927647452,5.51551809606,0.0,10.4813558638,10.5542881688,-1.3035773842,0.0373618447443,-0.381582607189,0.0,455.15472164894067,455.23975281302836,455.57749053405905,454.5866494594706
4.919999999999983,15.4754572099,19.6685538167,22.0122811762,0.631326856648,5.49242610111,0.0,10.7756362688,10.6532625414,-1.55496350508,0.0268815428868,-0.392382440035,0.0,471.8536430314721,470.87424510327975,472.076534642977,471.2671469285777
4.979999999999982,16.1271254312,20.3082708436,21.9083086229,0.6333839219,5.46880650256,0.0,10.9470264831,10.6695633345,-1.91095125451,0.0460315163629,-0.396336288299,0.0,417.6123286710643,417.095253489068,417.6148259648262,419.2833944586836
5.0399999999999805,16.7921417843,20.9504064627,21.7851942799,0.635921071576,5.44544178819,0.0,11.2197969294,10.7331510342,-2.19413213609,0.0334849785365,-0.37831137934,0.0,461.08267241411573,462.35380102506804,461.88326798750364,460.8930709303946
